372
171
365
348
185
152
324
250
397
235
299
173
319
266
345
388
387
399
381
304
186
461
325
377
379
397
289
441
190
351
269
398
256
240
347
216
434
437
293
449
238
435
439
278
400
443
158
467
498
466
393
349
154
479
247
462
462
366
483
335
441
479
292
375
335
287
288
452
384
444
253
163
156
428
354
409
315
275
158
334
482
481
481
294
153
494
384
160
416
324
425
430
437
180
158
359
407
404
265
236
284
497
184
236
207
478
480
455
153
489
295
283
329
445
188
332
393
467
395
263
401
431
279
182
321
369
213
334
376
483
240
255
252
242
490
316
170
337
398
161
333
471
195
264
370
326
171
178
450
464
281
318
399
215
475
354
421
202
500
381
196
353
421
484
228
319
300
449
444
309
247
349
345
341
463
247
465
284
155
310
304
220
212
271
153
441
487
313
349
365
396
380
316
249
225
448
307
408
431
380
436
362
457
225
185
387
186
285
491
224
420
259
273
290
375
371
184
368
209
208
242
323
304
322
392
300
476
399
305
208
494
322
330
245
433
166
334
494
493
271
322
362
221
385
311
176
265
409
322
220
369
200
183
174
482
492
308
303
197
480
245
271
311
437
472
292
421
334
373
386
434
194
442
239
369
449
188
277
313
280
323
256
485
170
384
225
327
163
259
324
474
484
408
486
218
244
406
476
432
338
172
345
224
486
404
426
207
332
485
360
347
223
464
277
252
493
379
266
156
280
317
473
424
462
201
362
271
433
252
217
406
275
357
449
154
219
281
413
239
435
191
316
369
301
401
199
301
472
212
350
163
459
407
417
461
452
341
227
256
173
270
383
342
164
480
437
481
270
491
399
333
205
480
413
498
418
359
468
338
173
398
298
389
257
263
187
153
471
411
255
298
209
478
366
378
340
474
269
311
267
468
333
398
242
412
474
213
476
391
492
310
224
451
160
313
461
373
464
331
358
357
439
496
277
239
228
472
300
324
166
271
367
270
407
456
384
336
214
389
447
242
424
176
433
291
423
410
381
294
283
485
388
305
390
169
449
170
407
379
429
238
260
382
400
378
179
494
163
385
290
320
474
200
257
394
159
314
407
289
158
157
251
351
413
256
487
228
185
158
491
276
263
266
285
378
168
487
367
363
386
498
213
190
326
385
459
235
156
268
349
231
395
181
306
251
204
375
253
221
463
432
184
427
387
385
444
190
444
453
245
259
450
174
277
155
438
309
357
266
163
200
278
307
322
356
372
359
301
359
302
435
278
441
357
416
200
274
276
436
453
342
251
251
447
363
175
225
210
214
445
286
321
256
282
277
169
310
348
333
440
196
497
490
238
423
192
427
377
481
294
255
337
336
349
174
292
336
492
236
413
380
328
205
345
154
184
231
283
214
190
429
213
447
227
151
320
253
262
322
338
310
174
413
183
199
195
452
322
335
313
402
160
240
309
272
378
165
360
427
323
395
470
171
434
325
466
190
471
428
294
230
422
464
310
325
196
492
395
299
325
431
233
416
237
241
245
175
234
158
380
311
385
349
169
469
341
479
360
192
461
158
437
310
317
167
185
475
251
209
344
467
321
422
434
243
258
453
381
441
160
406
347
260
235
386
250
385
411
305
186
367
204
396
239
382
304
425
348
409
468
186
440
196
304
161
214
160
375
354
200
161
387
410
369
391
152
214
476
175
299
159
290
414
265
333
376
211
407
415
225
366
317
286
423
422
329
205
429
499
432
445
431
232
323
392
177
284
293
259
466
473
424
277
240
402
249
169
276
311
263
192
324
272
441
451
171
189
158
214
171
332
456
356
323
345
279
413
421
286
266
193
281
376
352
440
376
295
156
405
338
497
394
399
187
445
267
374
460
252
431
249
437
372
341
312
308
215
482
166
387
383
266
478
415
256
403
309
439
299
255
382
348
303
271
366
328
340
477
301
191
264
498
206
188
368
438
410
477
248
333
376
270
258
417
255
345
248
181
463
495
345
387
365
168
244
162
378
381
433
263
496
361
372
341
236
264
484
323
388
287
185
290
385
279
367
464
472
280
178
333
197
337
442
349
283
216
368
435
222
251
489
250
370
297
498
391
386
422
480
431
284
467
422
476
441
320
184
187
195
211
369
346
253
157
274
459
203
392
191
438
342
485
338
443
398
377
262
180
308
337
412
288
299
460
303
238
198
272
213
386
168
182
243
337
197
433
214
495
389
440
493
218
462
467
372
478
163
290
228
457
335
264
453
291
213
256
192
185
249
397
418
214
263
201
406
416
481
185
191
367
478
274
195
443
288
306
325
412
384
342
217
429
329
366
334
377
352
307
367
242
279
402
224
331
409
385
385
302
271
328
160
433
253
161
255
178
288
421
441
287
476
451
335
254
302
271
339
469
160
423
243
170
265
201
469
172
197
239
472
389
294
324
471
444
152
413
165
190
159
272
489
192
478
315
444
196
343
459
262
338
423
376
241
251
181
408
